BubbleSort
0.0109710693
0.0508646965
0.2054505348
1.3234467506
5.4787709713
21.825666666
89.8169958591
363.9940128326
570.9746570587
1336.3446369171
2417.1279401779
3907.2711503506
CountingSort
0.000997066497803
0.0
0.000997304916382
0.000997066497803
0.003989219665527
0.007978677749634
0.013962984085083
0.031915187835693
0.04089093208313
0.06682300567627
0.08876371383667
0.128672361373901
HeapSort
0.0019786358
0.0029921532
0.0069816113
0.0189628601
0.0408895016
0.0837740898
0.1894917488
0.3959410191
0.4887080193
0.760964632
1.1361098289
1.539400816
MergeSort
0.0009963512
0.0029940605
0.0039894581
0.0120003223
0.024900198
0.0538303852
0.1166872978
0.2493343353
0.3181490898
0.4996643066
0.6792185307
0.8906071186
QuickSort
0.001019001
0.0009744167
0.0029919147
0.0089993477
0.0213217735
0.0518612862
0.1515963078
0.4059045315
0.6008973122
1.1698260307
1.9860911369
3.0044424534
RadixSort
0.0
0.0019931793
0.0030200481
0.0059518814
0.0129649639
0.0259296894
0.057844162
0.1027262211
0.1316478252
0.2134308815
0.284224987
0.3630280495